2 1.37883e-05
2.04 1.37401e-05
2.08 1.36916e-05
2.12 1.36428e-05
2.16 1.35938e-05
2.2 1.35445e-05
2.24 1.34948e-05
2.28 1.34448e-05
2.32 1.33943e-05
2.36 1.33435e-05
2.4 1.32923e-05
2.44 1.32407e-05
2.48 1.31888e-05
2.52 1.31367e-05
2.56 1.30842e-05
2.6 1.30316e-05
2.64 1.29788e-05
2.68 1.2926e-05
2.72 1.28731e-05
2.76 1.28204e-05
2.8 1.27678e-05
2.84 1.27156e-05
2.88 1.26637e-05
2.92 1.26125e-05
2.96 1.25618e-05
3 1.2512e-05
3.04 1.24632e-05
3.08 1.24155e-05
3.12 1.23691e-05
3.16 1.23242e-05
3.2 1.22809e-05
3.24 1.22395e-05
3.28 1.22001e-05
3.32 1.2163e-05
3.36 1.21285e-05
3.4 1.20966e-05
3.44 1.20677e-05
3.48 1.20421e-05
3.52 1.20199e-05
3.56 1.20014e-05
3.6 1.1987e-05
3.64 1.19769e-05
3.68 1.19714e-05
3.72 1.19708e-05
3.76 1.19754e-05
3.8 1.19856e-05
3.84 1.20016e-05
3.88 1.20238e-05
3.92 1.20526e-05
3.96 1.20883e-05
4 1.21313e-05
4.04 1.2182e-05
4.08 1.22406e-05
4.12 1.23077e-05
4.16 1.23837e-05
4.2 1.24688e-05
4.24 1.25637e-05
4.28 1.26686e-05
4.32 1.27841e-05
4.36 1.29105e-05
4.4 1.30484e-05
4.44 1.31982e-05
4.48 1.33603e-05
4.52 1.35353e-05
4.56 1.37236e-05
4.6 1.39258e-05
4.64 1.41423e-05
4.68 1.43737e-05
4.72 1.46205e-05
4.76 1.48832e-05
4.8 1.51625e-05
4.84 1.54587e-05
4.88 1.57725e-05
4.92 1.61045e-05
4.96 1.64553e-05
5 1.68254e-05
5.04 1.72154e-05
5.08 1.7626e-05
5.12 1.80578e-05
5.16 1.85113e-05
5.2 1.89873e-05
5.24 1.94863e-05
5.28 2.0009e-05
5.32 2.05561e-05
5.36 2.11283e-05
5.4 2.17262e-05
5.44 2.23505e-05
5.48 2.3002e-05
5.52 2.36812e-05
5.56 2.4389e-05
5.6 2.51261e-05
5.64 2.58932e-05
5.68 2.6691e-05
5.72 2.75202e-05
5.76 2.83818e-05
5.8 2.92763e-05
5.84 3.02047e-05
5.88 3.11676e-05
5.92 3.21659e-05
5.96 3.32004e-05
