2 -2.88381e-05
2.04 -2.89183e-05
2.08 -2.90069e-05
2.12 -2.91029e-05
2.16 -2.9205e-05
2.2 -2.93123e-05
2.24 -2.94235e-05
2.28 -2.95377e-05
2.32 -2.96538e-05
2.36 -2.97709e-05
2.4 -2.9888e-05
2.44 -3.00041e-05
2.48 -3.01183e-05
2.52 -3.02297e-05
2.56 -3.03375e-05
2.6 -3.04409e-05
2.64 -3.0539e-05
2.68 -3.06311e-05
2.72 -3.07164e-05
2.76 -3.07941e-05
2.8 -3.08636e-05
2.84 -3.09243e-05
2.88 -3.09754e-05
2.92 -3.10163e-05
2.96 -3.10465e-05
3 -3.10654e-05
3.04 -3.10724e-05
3.08 -3.10671e-05
3.12 -3.10489e-05
3.16 -3.10174e-05
3.2 -3.09722e-05
3.24 -3.09128e-05
3.28 -3.08389e-05
3.32 -3.07502e-05
3.36 -3.06462e-05
3.4 -3.05268e-05
3.44 -3.03916e-05
3.48 -3.02404e-05
3.52 -3.0073e-05
3.56 -2.98892e-05
3.6 -2.96888e-05
3.64 -2.94717e-05
3.68 -2.92378e-05
3.72 -2.89869e-05
3.76 -2.87192e-05
3.8 -2.84344e-05
3.84 -2.81327e-05
3.88 -2.7814e-05
3.92 -2.74784e-05
3.96 -2.71259e-05
4 -2.67567e-05
4.04 -2.6371e-05
4.08 -2.59688e-05
4.12 -2.55503e-05
4.16 -2.51159e-05
4.2 -2.46656e-05
4.24 -2.41998e-05
4.28 -2.37187e-05
4.32 -2.32228e-05
4.36 -2.27122e-05
4.4 -2.21875e-05
4.44 -2.1649e-05
4.48 -2.10971e-05
4.52 -2.05323e-05
4.56 -1.9955e-05
4.6 -1.93658e-05
4.64 -1.87653e-05
4.68 -1.81538e-05
4.72 -1.75322e-05
4.76 -1.69009e-05
4.8 -1.62606e-05
4.84 -1.56121e-05
4.88 -1.49558e-05
4.92 -1.42927e-05
4.96 -1.36235e-05
5 -1.29488e-05
5.04 -1.22696e-05
5.08 -1.15866e-05
5.12 -1.09007e-05
5.16 -1.02129e-05
5.2 -9.52389e-06
5.24 -8.83476e-06
5.28 -8.14643e-06
5.32 -7.45989e-06
5.36 -6.77616e-06
5.4 -6.09628e-06
5.44 -5.42133e-06
5.48 -4.75239e-06
5.52 -4.0906e-06
5.56 -3.43711e-06
5.6 -2.79309e-06
5.64 -2.15975e-06
5.68 -1.53831e-06
5.72 -9.30049e-07
5.76 -3.36237e-07
5.8 2.4181e-07
5.84 8.02754e-07
5.88 1.34523e-06
5.92 1.86784e-06
5.96 2.36917e-06
