2 -0.203654
2.04 -0.208067
2.08 -0.212436
2.12 -0.216763
2.16 -0.221051
2.2 -0.225301
2.24 -0.229515
2.28 -0.233695
2.32 -0.237842
2.36 -0.241959
2.4 -0.246046
2.44 -0.250105
2.48 -0.254137
2.52 -0.258144
2.56 -0.262128
2.6 -0.266088
2.64 -0.270027
2.68 -0.273945
2.72 -0.277844
2.76 -0.281724
2.8 -0.285586
2.84 -0.289432
2.88 -0.293261
2.92 -0.297075
2.96 -0.300874
3 -0.304658
3.04 -0.308429
3.08 -0.312186
3.12 -0.31593
3.16 -0.319662
3.2 -0.323381
3.24 -0.327088
3.28 -0.330782
3.32 -0.334464
3.36 -0.338134
3.4 -0.341791
3.44 -0.345436
3.48 -0.349068
3.52 -0.352687
3.56 -0.356293
3.6 -0.359885
3.64 -0.363462
3.68 -0.367025
3.72 -0.370572
3.76 -0.374103
3.8 -0.377617
3.84 -0.381114
3.88 -0.384591
3.92 -0.388049
3.96 -0.391487
4 -0.394903
4.04 -0.398296
4.08 -0.401665
4.12 -0.405009
4.16 -0.408326
4.2 -0.411615
4.24 -0.414875
4.28 -0.418104
4.32 -0.4213
4.36 -0.424462
4.4 -0.427588
4.44 -0.430676
4.48 -0.433725
4.52 -0.436732
4.56 -0.439695
4.6 -0.442613
4.64 -0.445484
4.68 -0.448304
4.72 -0.451072
4.76 -0.453786
4.8 -0.456443
4.84 -0.459041
4.88 -0.461578
4.92 -0.464049
4.96 -0.466454
5 -0.46879
5.04 -0.471052
5.08 -0.47324
5.12 -0.475349
5.16 -0.477378
5.2 -0.479322
5.24 -0.481179
5.28 -0.482946
5.32 -0.484619
5.36 -0.486195
5.4 -0.487671
5.44 -0.489043
5.48 -0.490308
5.52 -0.491463
5.56 -0.492503
5.6 -0.493425
5.64 -0.494226
5.68 -0.494901
5.72 -0.495446
5.76 -0.495859
5.8 -0.496134
5.84 -0.496267
5.88 -0.496256
5.92 -0.496094
5.96 -0.495778
