2 0.314463
2.04 0.319115
2.08 0.323728
2.12 0.328299
2.16 0.332827
2.2 0.33731
2.24 0.341747
2.28 0.346137
2.32 0.350476
2.36 0.354765
2.4 0.359002
2.44 0.363185
2.48 0.367313
2.52 0.371384
2.56 0.375399
2.6 0.379354
2.64 0.383249
2.68 0.387084
2.72 0.390856
2.76 0.394565
2.8 0.39821
2.84 0.40179
2.88 0.405303
2.92 0.40875
2.96 0.412129
3 0.41544
3.04 0.418681
3.08 0.421852
3.12 0.424953
3.16 0.427982
3.2 0.430939
3.24 0.433824
3.28 0.436636
3.32 0.439375
3.36 0.44204
3.4 0.444631
3.44 0.447148
3.48 0.44959
3.52 0.451957
3.56 0.454249
3.6 0.456465
3.64 0.458606
3.68 0.460672
3.72 0.462663
3.76 0.464577
3.8 0.466417
3.84 0.468181
3.88 0.46987
3.92 0.471484
3.96 0.473024
4 0.474489
4.04 0.47588
4.08 0.477197
4.12 0.47844
4.16 0.479611
4.2 0.48071
4.24 0.481736
4.28 0.482691
4.32 0.483575
4.36 0.48439
4.4 0.485135
4.44 0.485811
4.48 0.48642
4.52 0.486961
4.56 0.487436
4.6 0.487846
4.64 0.488192
4.68 0.488475
4.72 0.488695
4.76 0.488854
4.8 0.488953
4.84 0.488993
4.88 0.488976
4.92 0.488902
4.96 0.488773
5 0.48859
5.04 0.488354
5.08 0.488068
5.12 0.487732
5.16 0.487348
5.2 0.486918
5.24 0.486442
5.28 0.485924
5.32 0.485364
5.36 0.484764
5.4 0.484125
5.44 0.483451
5.48 0.482742
5.52 0.482001
5.56 0.481228
5.6 0.480428
5.64 0.4796
5.68 0.478748
5.72 0.477873
5.76 0.476978
5.8 0.476065
5.84 0.475136
5.88 0.474193
5.92 0.473239
5.96 0.472276
