1 0.17818
1.1 0.193584
1.2 0.208643
1.3 0.223356
1.4 0.237717
1.5 0.251724
1.6 0.265372
1.7 0.278659
1.8 0.29158
1.9 0.304132
2 0.316311
2.1 0.328114
2.2 0.339536
2.3 0.350575
2.4 0.361227
2.5 0.371488
2.6 0.381354
2.7 0.390822
2.8 0.399888
2.9 0.408548
3 0.4168
3.1 0.424639
3.2 0.432061
3.3 0.439064
3.4 0.445643
3.5 0.451794
3.6 0.457515
3.7 0.462801
3.8 0.46765
3.9 0.472056
4 0.476017
4.1 0.479529
4.2 0.482588
4.3 0.485191
4.4 0.487335
4.5 0.489014
4.6 0.490227
4.7 0.490968
4.8 0.491235
4.9 0.491025
5 0.490332
5.1 0.489154
5.2 0.487487
5.3 0.485328
5.4 0.482672
5.5 0.479517
5.6 0.475858
5.7 0.471692
5.8 0.467015
5.9 0.461824
6 0.456115
6.1 0.449884
6.2 0.443128
6.3 0.435843
6.4 0.428026
6.5 0.419673
6.6 0.410779
6.7 0.401343
6.8 0.391359
6.9 0.380825
7 0.369736
