1 -0.097275
1.1 -0.108245
1.2 -0.119177
1.3 -0.130068
1.4 -0.140913
1.5 -0.151711
1.6 -0.162457
1.7 -0.173149
1.8 -0.183782
1.9 -0.194354
2 -0.204861
2.1 -0.2153
2.2 -0.225667
2.3 -0.235959
2.4 -0.246173
2.5 -0.256305
2.6 -0.266353
2.7 -0.276312
2.8 -0.286179
2.9 -0.295951
3 -0.305625
3.1 -0.315197
3.2 -0.324664
3.3 -0.334022
3.4 -0.343269
3.5 -0.352401
3.6 -0.361414
3.7 -0.370305
3.8 -0.37907
3.9 -0.387708
4 -0.396213
4.1 -0.404583
4.2 -0.412814
4.3 -0.420904
4.4 -0.428848
4.5 -0.436643
4.6 -0.444286
4.7 -0.451774
4.8 -0.459103
4.9 -0.46627
5 -0.473271
5.1 -0.480104
5.2 -0.486764
5.3 -0.493249
5.4 -0.499555
5.5 -0.505678
5.6 -0.511616
5.7 -0.517365
5.8 -0.522922
5.9 -0.528283
6 -0.533445
6.1 -0.538405
6.2 -0.543159
6.3 -0.547703
6.4 -0.552036
6.5 -0.556152
6.6 -0.56005
6.7 -0.563725
6.8 -0.567174
6.9 -0.570394
7 -0.573381
